1   0.2 True 5000 1 1 0.05
2   0.2 True 5000 1 1 0.1
3   0.2 True 5000 1 1 0.2
4   0.2 True 5000 1 1 0.5
5   0.2 True 5000 1 1 1
6   0.2 True 5000 1 1 2
7   0.2 True 5000 1 1 10
8   0.2 True 5000 1 2 0.05
9   0.2 True 5000 1 2 0.1
10   0.2 True 5000 1 2 0.2
11   0.2 True 5000 1 2 0.5
12   0.2 True 5000 1 2 1
13   0.2 True 5000 1 2 2
14   0.2 True 5000 1 2 10
15   0.2 True 5000 1 3 0.05
16   0.2 True 5000 1 3 0.1
17   0.2 True 5000 1 3 0.2
18   0.2 True 5000 1 3 0.5
19   0.2 True 5000 1 3 1
20   0.2 True 5000 1 3 2
21   0.2 True 5000 1 3 10
22   0.2 True 10000 1 1 0.05
23   0.2 True 10000 1 1 0.1
24   0.2 True 10000 1 1 0.2
25   0.2 True 10000 1 1 0.5
26   0.2 True 10000 1 1 1
27   0.2 True 10000 1 1 2
28   0.2 True 10000 1 1 10
29   0.2 True 10000 1 2 0.05
30   0.2 True 10000 1 2 0.1
31   0.2 True 10000 1 2 0.2
32   0.2 True 10000 1 2 0.5
33   0.2 True 10000 1 2 1
34   0.2 True 10000 1 2 2
35   0.2 True 10000 1 2 10
36   0.2 True 10000 1 3 0.05
37   0.2 True 10000 1 3 0.1
38   0.2 True 10000 1 3 0.2
39   0.2 True 10000 1 3 0.5
40   0.2 True 10000 1 3 1
41   0.2 True 10000 1 3 2
42   0.2 True 10000 1 3 10
43   0.2 True 20000 1 1 0.05
44   0.2 True 20000 1 1 0.1
45   0.2 True 20000 1 1 0.2
46   0.2 True 20000 1 1 0.5
47   0.2 True 20000 1 1 1
48   0.2 True 20000 1 1 2
49   0.2 True 20000 1 1 10
50   0.2 True 20000 1 2 0.05
51   0.2 True 20000 1 2 0.1
52   0.2 True 20000 1 2 0.2
53   0.2 True 20000 1 2 0.5
54   0.2 True 20000 1 2 1
55   0.2 True 20000 1 2 2
56   0.2 True 20000 1 2 10
57   0.2 True 20000 1 3 0.05
58   0.2 True 20000 1 3 0.1
59   0.2 True 20000 1 3 0.2
60   0.2 True 20000 1 3 0.5
61   0.2 True 20000 1 3 1
62   0.2 True 20000 1 3 2
63   0.2 True 20000 1 3 10
64   0.2 True 40000 1 1 0.05
65   0.2 True 40000 1 1 0.1
66   0.2 True 40000 1 1 0.2
67   0.2 True 40000 1 1 0.5
68   0.2 True 40000 1 1 1
69   0.2 True 40000 1 1 2
70   0.2 True 40000 1 1 10
71   0.2 True 40000 1 2 0.05
72   0.2 True 40000 1 2 0.1
73   0.2 True 40000 1 2 0.2
74   0.2 True 40000 1 2 0.5
75   0.2 True 40000 1 2 1
76   0.2 True 40000 1 2 2
77   0.2 True 40000 1 2 10
78   0.2 True 40000 1 3 0.05
79   0.2 True 40000 1 3 0.1
80   0.2 True 40000 1 3 0.2
81   0.2 True 40000 1 3 0.5
82   0.2 True 40000 1 3 1
83   0.2 True 40000 1 3 2
84   0.2 True 40000 1 3 10
85   0.2 True None 1 1 0.05
86   0.2 True None 1 1 0.1
87   0.2 True None 1 1 0.2
88   0.2 True None 1 1 0.5
89   0.2 True None 1 1 1
90   0.2 True None 1 1 2
91   0.2 True None 1 1 10
92   0.2 True None 1 2 0.05
93   0.2 True None 1 2 0.1
94   0.2 True None 1 2 0.2
95   0.2 True None 1 2 0.5
96   0.2 True None 1 2 1
97   0.2 True None 1 2 2
98   0.2 True None 1 2 10
99   0.2 True None 1 3 0.05
100   0.2 True None 1 3 0.1
101   0.2 True None 1 3 0.2
102   0.2 True None 1 3 0.5
103   0.2 True None 1 3 1
104   0.2 True None 1 3 2
105   0.2 True None 1 3 10
106   0.2 False 5000 1 1 0.05
107   0.2 False 5000 1 1 0.1
108   0.2 False 5000 1 1 0.2
109   0.2 False 5000 1 1 0.5
110   0.2 False 5000 1 1 1
111   0.2 False 5000 1 1 2
112   0.2 False 5000 1 1 10
113   0.2 False 5000 1 2 0.05
114   0.2 False 5000 1 2 0.1
115   0.2 False 5000 1 2 0.2
116   0.2 False 5000 1 2 0.5
117   0.2 False 5000 1 2 1
118   0.2 False 5000 1 2 2
119   0.2 False 5000 1 2 10
120   0.2 False 5000 1 3 0.05
121   0.2 False 5000 1 3 0.1
122   0.2 False 5000 1 3 0.2
123   0.2 False 5000 1 3 0.5
124   0.2 False 5000 1 3 1
125   0.2 False 5000 1 3 2
126   0.2 False 5000 1 3 10
127   0.2 False 10000 1 1 0.05
128   0.2 False 10000 1 1 0.1
129   0.2 False 10000 1 1 0.2
130   0.2 False 10000 1 1 0.5
131   0.2 False 10000 1 1 1
132   0.2 False 10000 1 1 2
133   0.2 False 10000 1 1 10
134   0.2 False 10000 1 2 0.05
135   0.2 False 10000 1 2 0.1
136   0.2 False 10000 1 2 0.2
137   0.2 False 10000 1 2 0.5
138   0.2 False 10000 1 2 1
139   0.2 False 10000 1 2 2
140   0.2 False 10000 1 2 10
141   0.2 False 10000 1 3 0.05
142   0.2 False 10000 1 3 0.1
143   0.2 False 10000 1 3 0.2
144   0.2 False 10000 1 3 0.5
145   0.2 False 10000 1 3 1
146   0.2 False 10000 1 3 2
147   0.2 False 10000 1 3 10
148   0.2 False 20000 1 1 0.05
149   0.2 False 20000 1 1 0.1
150   0.2 False 20000 1 1 0.2
151   0.2 False 20000 1 1 0.5
152   0.2 False 20000 1 1 1
153   0.2 False 20000 1 1 2
154   0.2 False 20000 1 1 10
155   0.2 False 20000 1 2 0.05
156   0.2 False 20000 1 2 0.1
157   0.2 False 20000 1 2 0.2
158   0.2 False 20000 1 2 0.5
159   0.2 False 20000 1 2 1
160   0.2 False 20000 1 2 2
161   0.2 False 20000 1 2 10
162   0.2 False 20000 1 3 0.05
163   0.2 False 20000 1 3 0.1
164   0.2 False 20000 1 3 0.2
165   0.2 False 20000 1 3 0.5
166   0.2 False 20000 1 3 1
167   0.2 False 20000 1 3 2
168   0.2 False 20000 1 3 10
169   0.2 False 40000 1 1 0.05
170   0.2 False 40000 1 1 0.1
171   0.2 False 40000 1 1 0.2
172   0.2 False 40000 1 1 0.5
173   0.2 False 40000 1 1 1
174   0.2 False 40000 1 1 2
175   0.2 False 40000 1 1 10
176   0.2 False 40000 1 2 0.05
177   0.2 False 40000 1 2 0.1
178   0.2 False 40000 1 2 0.2
179   0.2 False 40000 1 2 0.5
180   0.2 False 40000 1 2 1
181   0.2 False 40000 1 2 2
182   0.2 False 40000 1 2 10
183   0.2 False 40000 1 3 0.05
184   0.2 False 40000 1 3 0.1
185   0.2 False 40000 1 3 0.2
186   0.2 False 40000 1 3 0.5
187   0.2 False 40000 1 3 1
188   0.2 False 40000 1 3 2
189   0.2 False 40000 1 3 10
190   0.2 False None 1 1 0.05
191   0.2 False None 1 1 0.1
192   0.2 False None 1 1 0.2
193   0.2 False None 1 1 0.5
194   0.2 False None 1 1 1
195   0.2 False None 1 1 2
196   0.2 False None 1 1 10
197   0.2 False None 1 2 0.05
198   0.2 False None 1 2 0.1
199   0.2 False None 1 2 0.2
200   0.2 False None 1 2 0.5
201   0.2 False None 1 2 1
202   0.2 False None 1 2 2
203   0.2 False None 1 2 10
204   0.2 False None 1 3 0.05
205   0.2 False None 1 3 0.1
206   0.2 False None 1 3 0.2
207   0.2 False None 1 3 0.5
208   0.2 False None 1 3 1
209   0.2 False None 1 3 2
210   0.2 False None 1 3 10
211   0.4 True 5000 1 1 0.05
212   0.4 True 5000 1 1 0.1
213   0.4 True 5000 1 1 0.2
214   0.4 True 5000 1 1 0.5
215   0.4 True 5000 1 1 1
216   0.4 True 5000 1 1 2
217   0.4 True 5000 1 1 10
218   0.4 True 5000 1 2 0.05
219   0.4 True 5000 1 2 0.1
220   0.4 True 5000 1 2 0.2
221   0.4 True 5000 1 2 0.5
222   0.4 True 5000 1 2 1
223   0.4 True 5000 1 2 2
224   0.4 True 5000 1 2 10
225   0.4 True 5000 1 3 0.05
226   0.4 True 5000 1 3 0.1
227   0.4 True 5000 1 3 0.2
228   0.4 True 5000 1 3 0.5
229   0.4 True 5000 1 3 1
230   0.4 True 5000 1 3 2
231   0.4 True 5000 1 3 10
232   0.4 True 10000 1 1 0.05
233   0.4 True 10000 1 1 0.1
234   0.4 True 10000 1 1 0.2
235   0.4 True 10000 1 1 0.5
236   0.4 True 10000 1 1 1
237   0.4 True 10000 1 1 2
238   0.4 True 10000 1 1 10
239   0.4 True 10000 1 2 0.05
240   0.4 True 10000 1 2 0.1
241   0.4 True 10000 1 2 0.2
242   0.4 True 10000 1 2 0.5
243   0.4 True 10000 1 2 1
244   0.4 True 10000 1 2 2
245   0.4 True 10000 1 2 10
246   0.4 True 10000 1 3 0.05
247   0.4 True 10000 1 3 0.1
248   0.4 True 10000 1 3 0.2
249   0.4 True 10000 1 3 0.5
250   0.4 True 10000 1 3 1
251   0.4 True 10000 1 3 2
252   0.4 True 10000 1 3 10
253   0.4 True 20000 1 1 0.05
254   0.4 True 20000 1 1 0.1
255   0.4 True 20000 1 1 0.2
256   0.4 True 20000 1 1 0.5
257   0.4 True 20000 1 1 1
258   0.4 True 20000 1 1 2
259   0.4 True 20000 1 1 10
260   0.4 True 20000 1 2 0.05
261   0.4 True 20000 1 2 0.1
262   0.4 True 20000 1 2 0.2
263   0.4 True 20000 1 2 0.5
264   0.4 True 20000 1 2 1
265   0.4 True 20000 1 2 2
266   0.4 True 20000 1 2 10
267   0.4 True 20000 1 3 0.05
268   0.4 True 20000 1 3 0.1
269   0.4 True 20000 1 3 0.2
270   0.4 True 20000 1 3 0.5
271   0.4 True 20000 1 3 1
272   0.4 True 20000 1 3 2
273   0.4 True 20000 1 3 10
274   0.4 True 40000 1 1 0.05
275   0.4 True 40000 1 1 0.1
276   0.4 True 40000 1 1 0.2
277   0.4 True 40000 1 1 0.5
278   0.4 True 40000 1 1 1
279   0.4 True 40000 1 1 2
280   0.4 True 40000 1 1 10
281   0.4 True 40000 1 2 0.05
282   0.4 True 40000 1 2 0.1
283   0.4 True 40000 1 2 0.2
284   0.4 True 40000 1 2 0.5
285   0.4 True 40000 1 2 1
286   0.4 True 40000 1 2 2
287   0.4 True 40000 1 2 10
288   0.4 True 40000 1 3 0.05
289   0.4 True 40000 1 3 0.1
290   0.4 True 40000 1 3 0.2
291   0.4 True 40000 1 3 0.5
292   0.4 True 40000 1 3 1
293   0.4 True 40000 1 3 2
294   0.4 True 40000 1 3 10
295   0.4 True None 1 1 0.05
296   0.4 True None 1 1 0.1
297   0.4 True None 1 1 0.2
298   0.4 True None 1 1 0.5
299   0.4 True None 1 1 1
300   0.4 True None 1 1 2
301   0.4 True None 1 1 10
302   0.4 True None 1 2 0.05
303   0.4 True None 1 2 0.1
304   0.4 True None 1 2 0.2
305   0.4 True None 1 2 0.5
306   0.4 True None 1 2 1
307   0.4 True None 1 2 2
308   0.4 True None 1 2 10
309   0.4 True None 1 3 0.05
310   0.4 True None 1 3 0.1
311   0.4 True None 1 3 0.2
312   0.4 True None 1 3 0.5
313   0.4 True None 1 3 1
314   0.4 True None 1 3 2
315   0.4 True None 1 3 10
316   0.4 False 5000 1 1 0.05
317   0.4 False 5000 1 1 0.1
318   0.4 False 5000 1 1 0.2
319   0.4 False 5000 1 1 0.5
320   0.4 False 5000 1 1 1
321   0.4 False 5000 1 1 2
322   0.4 False 5000 1 1 10
323   0.4 False 5000 1 2 0.05
324   0.4 False 5000 1 2 0.1
325   0.4 False 5000 1 2 0.2
326   0.4 False 5000 1 2 0.5
327   0.4 False 5000 1 2 1
328   0.4 False 5000 1 2 2
329   0.4 False 5000 1 2 10
330   0.4 False 5000 1 3 0.05
331   0.4 False 5000 1 3 0.1
332   0.4 False 5000 1 3 0.2
333   0.4 False 5000 1 3 0.5
334   0.4 False 5000 1 3 1
335   0.4 False 5000 1 3 2
336   0.4 False 5000 1 3 10
337   0.4 False 10000 1 1 0.05
338   0.4 False 10000 1 1 0.1
339   0.4 False 10000 1 1 0.2
340   0.4 False 10000 1 1 0.5
341   0.4 False 10000 1 1 1
342   0.4 False 10000 1 1 2
343   0.4 False 10000 1 1 10
344   0.4 False 10000 1 2 0.05
345   0.4 False 10000 1 2 0.1
346   0.4 False 10000 1 2 0.2
347   0.4 False 10000 1 2 0.5
348   0.4 False 10000 1 2 1
349   0.4 False 10000 1 2 2
350   0.4 False 10000 1 2 10
351   0.4 False 10000 1 3 0.05
352   0.4 False 10000 1 3 0.1
353   0.4 False 10000 1 3 0.2
354   0.4 False 10000 1 3 0.5
355   0.4 False 10000 1 3 1
356   0.4 False 10000 1 3 2
357   0.4 False 10000 1 3 10
358   0.4 False 20000 1 1 0.05
359   0.4 False 20000 1 1 0.1
360   0.4 False 20000 1 1 0.2
361   0.4 False 20000 1 1 0.5
362   0.4 False 20000 1 1 1
363   0.4 False 20000 1 1 2
364   0.4 False 20000 1 1 10
365   0.4 False 20000 1 2 0.05
366   0.4 False 20000 1 2 0.1
367   0.4 False 20000 1 2 0.2
368   0.4 False 20000 1 2 0.5
369   0.4 False 20000 1 2 1
370   0.4 False 20000 1 2 2
371   0.4 False 20000 1 2 10
372   0.4 False 20000 1 3 0.05
373   0.4 False 20000 1 3 0.1
374   0.4 False 20000 1 3 0.2
375   0.4 False 20000 1 3 0.5
376   0.4 False 20000 1 3 1
377   0.4 False 20000 1 3 2
378   0.4 False 20000 1 3 10
379   0.4 False 40000 1 1 0.05
380   0.4 False 40000 1 1 0.1
381   0.4 False 40000 1 1 0.2
382   0.4 False 40000 1 1 0.5
383   0.4 False 40000 1 1 1
384   0.4 False 40000 1 1 2
385   0.4 False 40000 1 1 10
386   0.4 False 40000 1 2 0.05
387   0.4 False 40000 1 2 0.1
388   0.4 False 40000 1 2 0.2
389   0.4 False 40000 1 2 0.5
390   0.4 False 40000 1 2 1
391   0.4 False 40000 1 2 2
392   0.4 False 40000 1 2 10
393   0.4 False 40000 1 3 0.05
394   0.4 False 40000 1 3 0.1
395   0.4 False 40000 1 3 0.2
396   0.4 False 40000 1 3 0.5
397   0.4 False 40000 1 3 1
398   0.4 False 40000 1 3 2
399   0.4 False 40000 1 3 10
400   0.4 False None 1 1 0.05
401   0.4 False None 1 1 0.1
402   0.4 False None 1 1 0.2
403   0.4 False None 1 1 0.5
404   0.4 False None 1 1 1
405   0.4 False None 1 1 2
406   0.4 False None 1 1 10
407   0.4 False None 1 2 0.05
408   0.4 False None 1 2 0.1
409   0.4 False None 1 2 0.2
410   0.4 False None 1 2 0.5
411   0.4 False None 1 2 1
412   0.4 False None 1 2 2
413   0.4 False None 1 2 10
414   0.4 False None 1 3 0.05
415   0.4 False None 1 3 0.1
416   0.4 False None 1 3 0.2
417   0.4 False None 1 3 0.5
418   0.4 False None 1 3 1
419   0.4 False None 1 3 2
420   0.4 False None 1 3 10
421   0.5 True 5000 1 1 0.05
422   0.5 True 5000 1 1 0.1
423   0.5 True 5000 1 1 0.2
424   0.5 True 5000 1 1 0.5
425   0.5 True 5000 1 1 1
426   0.5 True 5000 1 1 2
427   0.5 True 5000 1 1 10
428   0.5 True 5000 1 2 0.05
429   0.5 True 5000 1 2 0.1
430   0.5 True 5000 1 2 0.2
431   0.5 True 5000 1 2 0.5
432   0.5 True 5000 1 2 1
433   0.5 True 5000 1 2 2
434   0.5 True 5000 1 2 10
435   0.5 True 5000 1 3 0.05
436   0.5 True 5000 1 3 0.1
437   0.5 True 5000 1 3 0.2
438   0.5 True 5000 1 3 0.5
439   0.5 True 5000 1 3 1
440   0.5 True 5000 1 3 2
441   0.5 True 5000 1 3 10
442   0.5 True 10000 1 1 0.05
443   0.5 True 10000 1 1 0.1
444   0.5 True 10000 1 1 0.2
445   0.5 True 10000 1 1 0.5
446   0.5 True 10000 1 1 1
447   0.5 True 10000 1 1 2
448   0.5 True 10000 1 1 10
449   0.5 True 10000 1 2 0.05
450   0.5 True 10000 1 2 0.1
451   0.5 True 10000 1 2 0.2
452   0.5 True 10000 1 2 0.5
453   0.5 True 10000 1 2 1
454   0.5 True 10000 1 2 2
455   0.5 True 10000 1 2 10
456   0.5 True 10000 1 3 0.05
457   0.5 True 10000 1 3 0.1
458   0.5 True 10000 1 3 0.2
459   0.5 True 10000 1 3 0.5
460   0.5 True 10000 1 3 1
461   0.5 True 10000 1 3 2
462   0.5 True 10000 1 3 10
463   0.5 True 20000 1 1 0.05
464   0.5 True 20000 1 1 0.1
465   0.5 True 20000 1 1 0.2
466   0.5 True 20000 1 1 0.5
467   0.5 True 20000 1 1 1
468   0.5 True 20000 1 1 2
469   0.5 True 20000 1 1 10
470   0.5 True 20000 1 2 0.05
471   0.5 True 20000 1 2 0.1
472   0.5 True 20000 1 2 0.2
473   0.5 True 20000 1 2 0.5
474   0.5 True 20000 1 2 1
475   0.5 True 20000 1 2 2
476   0.5 True 20000 1 2 10
477   0.5 True 20000 1 3 0.05
478   0.5 True 20000 1 3 0.1
479   0.5 True 20000 1 3 0.2
480   0.5 True 20000 1 3 0.5
481   0.5 True 20000 1 3 1
482   0.5 True 20000 1 3 2
483   0.5 True 20000 1 3 10
484   0.5 True 40000 1 1 0.05
485   0.5 True 40000 1 1 0.1
486   0.5 True 40000 1 1 0.2
487   0.5 True 40000 1 1 0.5
488   0.5 True 40000 1 1 1
489   0.5 True 40000 1 1 2
490   0.5 True 40000 1 1 10
491   0.5 True 40000 1 2 0.05
492   0.5 True 40000 1 2 0.1
493   0.5 True 40000 1 2 0.2
494   0.5 True 40000 1 2 0.5
495   0.5 True 40000 1 2 1
496   0.5 True 40000 1 2 2
497   0.5 True 40000 1 2 10
498   0.5 True 40000 1 3 0.05
499   0.5 True 40000 1 3 0.1
500   0.5 True 40000 1 3 0.2
501   0.5 True 40000 1 3 0.5
502   0.5 True 40000 1 3 1
503   0.5 True 40000 1 3 2
504   0.5 True 40000 1 3 10
505   0.5 True None 1 1 0.05
506   0.5 True None 1 1 0.1
507   0.5 True None 1 1 0.2
508   0.5 True None 1 1 0.5
509   0.5 True None 1 1 1
510   0.5 True None 1 1 2
511   0.5 True None 1 1 10
512   0.5 True None 1 2 0.05
513   0.5 True None 1 2 0.1
514   0.5 True None 1 2 0.2
515   0.5 True None 1 2 0.5
516   0.5 True None 1 2 1
517   0.5 True None 1 2 2
518   0.5 True None 1 2 10
519   0.5 True None 1 3 0.05
520   0.5 True None 1 3 0.1
521   0.5 True None 1 3 0.2
522   0.5 True None 1 3 0.5
523   0.5 True None 1 3 1
524   0.5 True None 1 3 2
525   0.5 True None 1 3 10
526   0.5 False 5000 1 1 0.05
527   0.5 False 5000 1 1 0.1
528   0.5 False 5000 1 1 0.2
529   0.5 False 5000 1 1 0.5
530   0.5 False 5000 1 1 1
531   0.5 False 5000 1 1 2
532   0.5 False 5000 1 1 10
533   0.5 False 5000 1 2 0.05
534   0.5 False 5000 1 2 0.1
535   0.5 False 5000 1 2 0.2
536   0.5 False 5000 1 2 0.5
537   0.5 False 5000 1 2 1
538   0.5 False 5000 1 2 2
539   0.5 False 5000 1 2 10
540   0.5 False 5000 1 3 0.05
541   0.5 False 5000 1 3 0.1
542   0.5 False 5000 1 3 0.2
543   0.5 False 5000 1 3 0.5
544   0.5 False 5000 1 3 1
545   0.5 False 5000 1 3 2
546   0.5 False 5000 1 3 10
547   0.5 False 10000 1 1 0.05
548   0.5 False 10000 1 1 0.1
549   0.5 False 10000 1 1 0.2
550   0.5 False 10000 1 1 0.5
551   0.5 False 10000 1 1 1
552   0.5 False 10000 1 1 2
553   0.5 False 10000 1 1 10
554   0.5 False 10000 1 2 0.05
555   0.5 False 10000 1 2 0.1
556   0.5 False 10000 1 2 0.2
557   0.5 False 10000 1 2 0.5
558   0.5 False 10000 1 2 1
559   0.5 False 10000 1 2 2
560   0.5 False 10000 1 2 10
561   0.5 False 10000 1 3 0.05
562   0.5 False 10000 1 3 0.1
563   0.5 False 10000 1 3 0.2
564   0.5 False 10000 1 3 0.5
565   0.5 False 10000 1 3 1
566   0.5 False 10000 1 3 2
567   0.5 False 10000 1 3 10
568   0.5 False 20000 1 1 0.05
569   0.5 False 20000 1 1 0.1
570   0.5 False 20000 1 1 0.2
571   0.5 False 20000 1 1 0.5
572   0.5 False 20000 1 1 1
573   0.5 False 20000 1 1 2
574   0.5 False 20000 1 1 10
575   0.5 False 20000 1 2 0.05
576   0.5 False 20000 1 2 0.1
577   0.5 False 20000 1 2 0.2
578   0.5 False 20000 1 2 0.5
579   0.5 False 20000 1 2 1
580   0.5 False 20000 1 2 2
581   0.5 False 20000 1 2 10
582   0.5 False 20000 1 3 0.05
583   0.5 False 20000 1 3 0.1
584   0.5 False 20000 1 3 0.2
585   0.5 False 20000 1 3 0.5
586   0.5 False 20000 1 3 1
587   0.5 False 20000 1 3 2
588   0.5 False 20000 1 3 10
589   0.5 False 40000 1 1 0.05
590   0.5 False 40000 1 1 0.1
591   0.5 False 40000 1 1 0.2
592   0.5 False 40000 1 1 0.5
593   0.5 False 40000 1 1 1
594   0.5 False 40000 1 1 2
595   0.5 False 40000 1 1 10
596   0.5 False 40000 1 2 0.05
597   0.5 False 40000 1 2 0.1
598   0.5 False 40000 1 2 0.2
599   0.5 False 40000 1 2 0.5
600   0.5 False 40000 1 2 1
601   0.5 False 40000 1 2 2
602   0.5 False 40000 1 2 10
603   0.5 False 40000 1 3 0.05
604   0.5 False 40000 1 3 0.1
605   0.5 False 40000 1 3 0.2
606   0.5 False 40000 1 3 0.5
607   0.5 False 40000 1 3 1
608   0.5 False 40000 1 3 2
609   0.5 False 40000 1 3 10
610   0.5 False None 1 1 0.05
611   0.5 False None 1 1 0.1
612   0.5 False None 1 1 0.2
613   0.5 False None 1 1 0.5
614   0.5 False None 1 1 1
615   0.5 False None 1 1 2
616   0.5 False None 1 1 10
617   0.5 False None 1 2 0.05
618   0.5 False None 1 2 0.1
619   0.5 False None 1 2 0.2
620   0.5 False None 1 2 0.5
621   0.5 False None 1 2 1
622   0.5 False None 1 2 2
623   0.5 False None 1 2 10
624   0.5 False None 1 3 0.05
625   0.5 False None 1 3 0.1
626   0.5 False None 1 3 0.2
627   0.5 False None 1 3 0.5
628   0.5 False None 1 3 1
629   0.5 False None 1 3 2
630   0.5 False None 1 3 10
631   0.6 True 5000 1 1 0.05
632   0.6 True 5000 1 1 0.1
633   0.6 True 5000 1 1 0.2
634   0.6 True 5000 1 1 0.5
635   0.6 True 5000 1 1 1
636   0.6 True 5000 1 1 2
637   0.6 True 5000 1 1 10
638   0.6 True 5000 1 2 0.05
639   0.6 True 5000 1 2 0.1
640   0.6 True 5000 1 2 0.2
641   0.6 True 5000 1 2 0.5
642   0.6 True 5000 1 2 1
643   0.6 True 5000 1 2 2
644   0.6 True 5000 1 2 10
645   0.6 True 5000 1 3 0.05
646   0.6 True 5000 1 3 0.1
647   0.6 True 5000 1 3 0.2
648   0.6 True 5000 1 3 0.5
649   0.6 True 5000 1 3 1
650   0.6 True 5000 1 3 2
651   0.6 True 5000 1 3 10
652   0.6 True 10000 1 1 0.05
653   0.6 True 10000 1 1 0.1
654   0.6 True 10000 1 1 0.2
655   0.6 True 10000 1 1 0.5
656   0.6 True 10000 1 1 1
657   0.6 True 10000 1 1 2
658   0.6 True 10000 1 1 10
659   0.6 True 10000 1 2 0.05
660   0.6 True 10000 1 2 0.1
661   0.6 True 10000 1 2 0.2
662   0.6 True 10000 1 2 0.5
663   0.6 True 10000 1 2 1
664   0.6 True 10000 1 2 2
665   0.6 True 10000 1 2 10
666   0.6 True 10000 1 3 0.05
667   0.6 True 10000 1 3 0.1
668   0.6 True 10000 1 3 0.2
669   0.6 True 10000 1 3 0.5
670   0.6 True 10000 1 3 1
671   0.6 True 10000 1 3 2
672   0.6 True 10000 1 3 10
673   0.6 True 20000 1 1 0.05
674   0.6 True 20000 1 1 0.1
675   0.6 True 20000 1 1 0.2
676   0.6 True 20000 1 1 0.5
677   0.6 True 20000 1 1 1
678   0.6 True 20000 1 1 2
679   0.6 True 20000 1 1 10
680   0.6 True 20000 1 2 0.05
681   0.6 True 20000 1 2 0.1
682   0.6 True 20000 1 2 0.2
683   0.6 True 20000 1 2 0.5
684   0.6 True 20000 1 2 1
685   0.6 True 20000 1 2 2
686   0.6 True 20000 1 2 10
687   0.6 True 20000 1 3 0.05
688   0.6 True 20000 1 3 0.1
689   0.6 True 20000 1 3 0.2
690   0.6 True 20000 1 3 0.5
691   0.6 True 20000 1 3 1
692   0.6 True 20000 1 3 2
693   0.6 True 20000 1 3 10
694   0.6 True 40000 1 1 0.05
695   0.6 True 40000 1 1 0.1
696   0.6 True 40000 1 1 0.2
697   0.6 True 40000 1 1 0.5
698   0.6 True 40000 1 1 1
699   0.6 True 40000 1 1 2
700   0.6 True 40000 1 1 10
701   0.6 True 40000 1 2 0.05
702   0.6 True 40000 1 2 0.1
703   0.6 True 40000 1 2 0.2
704   0.6 True 40000 1 2 0.5
705   0.6 True 40000 1 2 1
706   0.6 True 40000 1 2 2
707   0.6 True 40000 1 2 10
708   0.6 True 40000 1 3 0.05
709   0.6 True 40000 1 3 0.1
710   0.6 True 40000 1 3 0.2
711   0.6 True 40000 1 3 0.5
712   0.6 True 40000 1 3 1
713   0.6 True 40000 1 3 2
714   0.6 True 40000 1 3 10
715   0.6 True None 1 1 0.05
716   0.6 True None 1 1 0.1
717   0.6 True None 1 1 0.2
718   0.6 True None 1 1 0.5
719   0.6 True None 1 1 1
720   0.6 True None 1 1 2
721   0.6 True None 1 1 10
722   0.6 True None 1 2 0.05
723   0.6 True None 1 2 0.1
724   0.6 True None 1 2 0.2
725   0.6 True None 1 2 0.5
726   0.6 True None 1 2 1
727   0.6 True None 1 2 2
728   0.6 True None 1 2 10
729   0.6 True None 1 3 0.05
730   0.6 True None 1 3 0.1
731   0.6 True None 1 3 0.2
732   0.6 True None 1 3 0.5
733   0.6 True None 1 3 1
734   0.6 True None 1 3 2
735   0.6 True None 1 3 10
736   0.6 False 5000 1 1 0.05
737   0.6 False 5000 1 1 0.1
738   0.6 False 5000 1 1 0.2
739   0.6 False 5000 1 1 0.5
740   0.6 False 5000 1 1 1
741   0.6 False 5000 1 1 2
742   0.6 False 5000 1 1 10
743   0.6 False 5000 1 2 0.05
744   0.6 False 5000 1 2 0.1
745   0.6 False 5000 1 2 0.2
746   0.6 False 5000 1 2 0.5
747   0.6 False 5000 1 2 1
748   0.6 False 5000 1 2 2
749   0.6 False 5000 1 2 10
750   0.6 False 5000 1 3 0.05
751   0.6 False 5000 1 3 0.1
752   0.6 False 5000 1 3 0.2
753   0.6 False 5000 1 3 0.5
754   0.6 False 5000 1 3 1
755   0.6 False 5000 1 3 2
756   0.6 False 5000 1 3 10
757   0.6 False 10000 1 1 0.05
758   0.6 False 10000 1 1 0.1
759   0.6 False 10000 1 1 0.2
760   0.6 False 10000 1 1 0.5
761   0.6 False 10000 1 1 1
762   0.6 False 10000 1 1 2
763   0.6 False 10000 1 1 10
764   0.6 False 10000 1 2 0.05
765   0.6 False 10000 1 2 0.1
766   0.6 False 10000 1 2 0.2
767   0.6 False 10000 1 2 0.5
768   0.6 False 10000 1 2 1
769   0.6 False 10000 1 2 2
770   0.6 False 10000 1 2 10
771   0.6 False 10000 1 3 0.05
772   0.6 False 10000 1 3 0.1
773   0.6 False 10000 1 3 0.2
774   0.6 False 10000 1 3 0.5
775   0.6 False 10000 1 3 1
776   0.6 False 10000 1 3 2
777   0.6 False 10000 1 3 10
778   0.6 False 20000 1 1 0.05
779   0.6 False 20000 1 1 0.1
780   0.6 False 20000 1 1 0.2
781   0.6 False 20000 1 1 0.5
782   0.6 False 20000 1 1 1
783   0.6 False 20000 1 1 2
784   0.6 False 20000 1 1 10
785   0.6 False 20000 1 2 0.05
786   0.6 False 20000 1 2 0.1
787   0.6 False 20000 1 2 0.2
788   0.6 False 20000 1 2 0.5
789   0.6 False 20000 1 2 1
790   0.6 False 20000 1 2 2
791   0.6 False 20000 1 2 10
792   0.6 False 20000 1 3 0.05
793   0.6 False 20000 1 3 0.1
794   0.6 False 20000 1 3 0.2
795   0.6 False 20000 1 3 0.5
796   0.6 False 20000 1 3 1
797   0.6 False 20000 1 3 2
798   0.6 False 20000 1 3 10
799   0.6 False 40000 1 1 0.05
800   0.6 False 40000 1 1 0.1
801   0.6 False 40000 1 1 0.2
802   0.6 False 40000 1 1 0.5
803   0.6 False 40000 1 1 1
804   0.6 False 40000 1 1 2
805   0.6 False 40000 1 1 10
806   0.6 False 40000 1 2 0.05
807   0.6 False 40000 1 2 0.1
808   0.6 False 40000 1 2 0.2
809   0.6 False 40000 1 2 0.5
810   0.6 False 40000 1 2 1
811   0.6 False 40000 1 2 2
812   0.6 False 40000 1 2 10
813   0.6 False 40000 1 3 0.05
814   0.6 False 40000 1 3 0.1
815   0.6 False 40000 1 3 0.2
816   0.6 False 40000 1 3 0.5
817   0.6 False 40000 1 3 1
818   0.6 False 40000 1 3 2
819   0.6 False 40000 1 3 10
820   0.6 False None 1 1 0.05
821   0.6 False None 1 1 0.1
822   0.6 False None 1 1 0.2
823   0.6 False None 1 1 0.5
824   0.6 False None 1 1 1
825   0.6 False None 1 1 2
826   0.6 False None 1 1 10
827   0.6 False None 1 2 0.05
828   0.6 False None 1 2 0.1
829   0.6 False None 1 2 0.2
830   0.6 False None 1 2 0.5
831   0.6 False None 1 2 1
832   0.6 False None 1 2 2
833   0.6 False None 1 2 10
834   0.6 False None 1 3 0.05
835   0.6 False None 1 3 0.1
836   0.6 False None 1 3 0.2
837   0.6 False None 1 3 0.5
838   0.6 False None 1 3 1
839   0.6 False None 1 3 2
840   0.6 False None 1 3 10
841   0.8 True 5000 1 1 0.05
842   0.8 True 5000 1 1 0.1
843   0.8 True 5000 1 1 0.2
844   0.8 True 5000 1 1 0.5
845   0.8 True 5000 1 1 1
846   0.8 True 5000 1 1 2
847   0.8 True 5000 1 1 10
848   0.8 True 5000 1 2 0.05
849   0.8 True 5000 1 2 0.1
850   0.8 True 5000 1 2 0.2
851   0.8 True 5000 1 2 0.5
852   0.8 True 5000 1 2 1
853   0.8 True 5000 1 2 2
854   0.8 True 5000 1 2 10
855   0.8 True 5000 1 3 0.05
856   0.8 True 5000 1 3 0.1
857   0.8 True 5000 1 3 0.2
858   0.8 True 5000 1 3 0.5
859   0.8 True 5000 1 3 1
860   0.8 True 5000 1 3 2
861   0.8 True 5000 1 3 10
862   0.8 True 10000 1 1 0.05
863   0.8 True 10000 1 1 0.1
864   0.8 True 10000 1 1 0.2
865   0.8 True 10000 1 1 0.5
866   0.8 True 10000 1 1 1
867   0.8 True 10000 1 1 2
868   0.8 True 10000 1 1 10
869   0.8 True 10000 1 2 0.05
870   0.8 True 10000 1 2 0.1
871   0.8 True 10000 1 2 0.2
872   0.8 True 10000 1 2 0.5
873   0.8 True 10000 1 2 1
874   0.8 True 10000 1 2 2
875   0.8 True 10000 1 2 10
876   0.8 True 10000 1 3 0.05
877   0.8 True 10000 1 3 0.1
878   0.8 True 10000 1 3 0.2
879   0.8 True 10000 1 3 0.5
880   0.8 True 10000 1 3 1
881   0.8 True 10000 1 3 2
882   0.8 True 10000 1 3 10
883   0.8 True 20000 1 1 0.05
884   0.8 True 20000 1 1 0.1
885   0.8 True 20000 1 1 0.2
886   0.8 True 20000 1 1 0.5
887   0.8 True 20000 1 1 1
888   0.8 True 20000 1 1 2
889   0.8 True 20000 1 1 10
890   0.8 True 20000 1 2 0.05
891   0.8 True 20000 1 2 0.1
892   0.8 True 20000 1 2 0.2
893   0.8 True 20000 1 2 0.5
894   0.8 True 20000 1 2 1
895   0.8 True 20000 1 2 2
896   0.8 True 20000 1 2 10
897   0.8 True 20000 1 3 0.05
898   0.8 True 20000 1 3 0.1
899   0.8 True 20000 1 3 0.2
900   0.8 True 20000 1 3 0.5
901   0.8 True 20000 1 3 1
902   0.8 True 20000 1 3 2
903   0.8 True 20000 1 3 10
904   0.8 True 40000 1 1 0.05
905   0.8 True 40000 1 1 0.1
906   0.8 True 40000 1 1 0.2
907   0.8 True 40000 1 1 0.5
908   0.8 True 40000 1 1 1
909   0.8 True 40000 1 1 2
910   0.8 True 40000 1 1 10
911   0.8 True 40000 1 2 0.05
912   0.8 True 40000 1 2 0.1
913   0.8 True 40000 1 2 0.2
914   0.8 True 40000 1 2 0.5
915   0.8 True 40000 1 2 1
916   0.8 True 40000 1 2 2
917   0.8 True 40000 1 2 10
918   0.8 True 40000 1 3 0.05
919   0.8 True 40000 1 3 0.1
920   0.8 True 40000 1 3 0.2
921   0.8 True 40000 1 3 0.5
922   0.8 True 40000 1 3 1
923   0.8 True 40000 1 3 2
924   0.8 True 40000 1 3 10
925   0.8 True None 1 1 0.05
926   0.8 True None 1 1 0.1
927   0.8 True None 1 1 0.2
928   0.8 True None 1 1 0.5
929   0.8 True None 1 1 1
930   0.8 True None 1 1 2
931   0.8 True None 1 1 10
932   0.8 True None 1 2 0.05
933   0.8 True None 1 2 0.1
934   0.8 True None 1 2 0.2
935   0.8 True None 1 2 0.5
936   0.8 True None 1 2 1
937   0.8 True None 1 2 2
938   0.8 True None 1 2 10
939   0.8 True None 1 3 0.05
940   0.8 True None 1 3 0.1
941   0.8 True None 1 3 0.2
942   0.8 True None 1 3 0.5
943   0.8 True None 1 3 1
944   0.8 True None 1 3 2
945   0.8 True None 1 3 10
946   0.8 False 5000 1 1 0.05
947   0.8 False 5000 1 1 0.1
948   0.8 False 5000 1 1 0.2
949   0.8 False 5000 1 1 0.5
950   0.8 False 5000 1 1 1
951   0.8 False 5000 1 1 2
952   0.8 False 5000 1 1 10
953   0.8 False 5000 1 2 0.05
954   0.8 False 5000 1 2 0.1
955   0.8 False 5000 1 2 0.2
956   0.8 False 5000 1 2 0.5
957   0.8 False 5000 1 2 1
958   0.8 False 5000 1 2 2
959   0.8 False 5000 1 2 10
960   0.8 False 5000 1 3 0.05
961   0.8 False 5000 1 3 0.1
962   0.8 False 5000 1 3 0.2
963   0.8 False 5000 1 3 0.5
964   0.8 False 5000 1 3 1
965   0.8 False 5000 1 3 2
966   0.8 False 5000 1 3 10
967   0.8 False 10000 1 1 0.05
968   0.8 False 10000 1 1 0.1
969   0.8 False 10000 1 1 0.2
970   0.8 False 10000 1 1 0.5
971   0.8 False 10000 1 1 1
972   0.8 False 10000 1 1 2
973   0.8 False 10000 1 1 10
974   0.8 False 10000 1 2 0.05
975   0.8 False 10000 1 2 0.1
976   0.8 False 10000 1 2 0.2
977   0.8 False 10000 1 2 0.5
978   0.8 False 10000 1 2 1
979   0.8 False 10000 1 2 2
980   0.8 False 10000 1 2 10
981   0.8 False 10000 1 3 0.05
982   0.8 False 10000 1 3 0.1
983   0.8 False 10000 1 3 0.2
984   0.8 False 10000 1 3 0.5
985   0.8 False 10000 1 3 1
986   0.8 False 10000 1 3 2
987   0.8 False 10000 1 3 10
988   0.8 False 20000 1 1 0.05
989   0.8 False 20000 1 1 0.1
990   0.8 False 20000 1 1 0.2
991   0.8 False 20000 1 1 0.5
992   0.8 False 20000 1 1 1
993   0.8 False 20000 1 1 2
994   0.8 False 20000 1 1 10
995   0.8 False 20000 1 2 0.05
996   0.8 False 20000 1 2 0.1
997   0.8 False 20000 1 2 0.2
998   0.8 False 20000 1 2 0.5
999   0.8 False 20000 1 2 1
1000   0.8 False 20000 1 2 2
1001   0.8 False 20000 1 2 10
1002   0.8 False 20000 1 3 0.05
1003   0.8 False 20000 1 3 0.1
1004   0.8 False 20000 1 3 0.2
1005   0.8 False 20000 1 3 0.5
1006   0.8 False 20000 1 3 1
1007   0.8 False 20000 1 3 2
1008   0.8 False 20000 1 3 10
1009   0.8 False 40000 1 1 0.05
1010   0.8 False 40000 1 1 0.1
1011   0.8 False 40000 1 1 0.2
1012   0.8 False 40000 1 1 0.5
1013   0.8 False 40000 1 1 1
1014   0.8 False 40000 1 1 2
1015   0.8 False 40000 1 1 10
1016   0.8 False 40000 1 2 0.05
1017   0.8 False 40000 1 2 0.1
1018   0.8 False 40000 1 2 0.2
1019   0.8 False 40000 1 2 0.5
1020   0.8 False 40000 1 2 1
1021   0.8 False 40000 1 2 2
1022   0.8 False 40000 1 2 10
1023   0.8 False 40000 1 3 0.05
1024   0.8 False 40000 1 3 0.1
1025   0.8 False 40000 1 3 0.2
1026   0.8 False 40000 1 3 0.5
1027   0.8 False 40000 1 3 1
1028   0.8 False 40000 1 3 2
1029   0.8 False 40000 1 3 10
1030   0.8 False None 1 1 0.05
1031   0.8 False None 1 1 0.1
1032   0.8 False None 1 1 0.2
1033   0.8 False None 1 1 0.5
1034   0.8 False None 1 1 1
1035   0.8 False None 1 1 2
1036   0.8 False None 1 1 10
1037   0.8 False None 1 2 0.05
1038   0.8 False None 1 2 0.1
1039   0.8 False None 1 2 0.2
1040   0.8 False None 1 2 0.5
1041   0.8 False None 1 2 1
1042   0.8 False None 1 2 2
1043   0.8 False None 1 2 10
1044   0.8 False None 1 3 0.05
1045   0.8 False None 1 3 0.1
1046   0.8 False None 1 3 0.2
1047   0.8 False None 1 3 0.5
1048   0.8 False None 1 3 1
1049   0.8 False None 1 3 2
1050   0.8 False None 1 3 10
1051   1.0 True 5000 1 1 0.05
1052   1.0 True 5000 1 1 0.1
1053   1.0 True 5000 1 1 0.2
1054   1.0 True 5000 1 1 0.5
1055   1.0 True 5000 1 1 1
1056   1.0 True 5000 1 1 2
1057   1.0 True 5000 1 1 10
1058   1.0 True 5000 1 2 0.05
1059   1.0 True 5000 1 2 0.1
1060   1.0 True 5000 1 2 0.2
1061   1.0 True 5000 1 2 0.5
1062   1.0 True 5000 1 2 1
1063   1.0 True 5000 1 2 2
1064   1.0 True 5000 1 2 10
1065   1.0 True 5000 1 3 0.05
1066   1.0 True 5000 1 3 0.1
1067   1.0 True 5000 1 3 0.2
1068   1.0 True 5000 1 3 0.5
1069   1.0 True 5000 1 3 1
1070   1.0 True 5000 1 3 2
1071   1.0 True 5000 1 3 10
1072   1.0 True 10000 1 1 0.05
1073   1.0 True 10000 1 1 0.1
1074   1.0 True 10000 1 1 0.2
1075   1.0 True 10000 1 1 0.5
1076   1.0 True 10000 1 1 1
1077   1.0 True 10000 1 1 2
1078   1.0 True 10000 1 1 10
1079   1.0 True 10000 1 2 0.05
1080   1.0 True 10000 1 2 0.1
1081   1.0 True 10000 1 2 0.2
1082   1.0 True 10000 1 2 0.5
1083   1.0 True 10000 1 2 1
1084   1.0 True 10000 1 2 2
1085   1.0 True 10000 1 2 10
1086   1.0 True 10000 1 3 0.05
1087   1.0 True 10000 1 3 0.1
1088   1.0 True 10000 1 3 0.2
1089   1.0 True 10000 1 3 0.5
1090   1.0 True 10000 1 3 1
1091   1.0 True 10000 1 3 2
1092   1.0 True 10000 1 3 10
1093   1.0 True 20000 1 1 0.05
1094   1.0 True 20000 1 1 0.1
1095   1.0 True 20000 1 1 0.2
1096   1.0 True 20000 1 1 0.5
1097   1.0 True 20000 1 1 1
1098   1.0 True 20000 1 1 2
1099   1.0 True 20000 1 1 10
1100   1.0 True 20000 1 2 0.05
1101   1.0 True 20000 1 2 0.1
1102   1.0 True 20000 1 2 0.2
1103   1.0 True 20000 1 2 0.5
1104   1.0 True 20000 1 2 1
1105   1.0 True 20000 1 2 2
1106   1.0 True 20000 1 2 10
1107   1.0 True 20000 1 3 0.05
1108   1.0 True 20000 1 3 0.1
1109   1.0 True 20000 1 3 0.2
1110   1.0 True 20000 1 3 0.5
1111   1.0 True 20000 1 3 1
1112   1.0 True 20000 1 3 2
1113   1.0 True 20000 1 3 10
1114   1.0 True 40000 1 1 0.05
1115   1.0 True 40000 1 1 0.1
1116   1.0 True 40000 1 1 0.2
1117   1.0 True 40000 1 1 0.5
1118   1.0 True 40000 1 1 1
1119   1.0 True 40000 1 1 2
1120   1.0 True 40000 1 1 10
1121   1.0 True 40000 1 2 0.05
1122   1.0 True 40000 1 2 0.1
1123   1.0 True 40000 1 2 0.2
1124   1.0 True 40000 1 2 0.5
1125   1.0 True 40000 1 2 1
1126   1.0 True 40000 1 2 2
1127   1.0 True 40000 1 2 10
1128   1.0 True 40000 1 3 0.05
1129   1.0 True 40000 1 3 0.1
1130   1.0 True 40000 1 3 0.2
1131   1.0 True 40000 1 3 0.5
1132   1.0 True 40000 1 3 1
1133   1.0 True 40000 1 3 2
1134   1.0 True 40000 1 3 10
1135   1.0 True None 1 1 0.05
1136   1.0 True None 1 1 0.1
1137   1.0 True None 1 1 0.2
1138   1.0 True None 1 1 0.5
1139   1.0 True None 1 1 1
1140   1.0 True None 1 1 2
1141   1.0 True None 1 1 10
1142   1.0 True None 1 2 0.05
1143   1.0 True None 1 2 0.1
1144   1.0 True None 1 2 0.2
1145   1.0 True None 1 2 0.5
1146   1.0 True None 1 2 1
1147   1.0 True None 1 2 2
1148   1.0 True None 1 2 10
1149   1.0 True None 1 3 0.05
1150   1.0 True None 1 3 0.1
1151   1.0 True None 1 3 0.2
1152   1.0 True None 1 3 0.5
1153   1.0 True None 1 3 1
1154   1.0 True None 1 3 2
1155   1.0 True None 1 3 10
1156   1.0 False 5000 1 1 0.05
1157   1.0 False 5000 1 1 0.1
1158   1.0 False 5000 1 1 0.2
1159   1.0 False 5000 1 1 0.5
1160   1.0 False 5000 1 1 1
1161   1.0 False 5000 1 1 2
1162   1.0 False 5000 1 1 10
1163   1.0 False 5000 1 2 0.05
1164   1.0 False 5000 1 2 0.1
1165   1.0 False 5000 1 2 0.2
1166   1.0 False 5000 1 2 0.5
1167   1.0 False 5000 1 2 1
1168   1.0 False 5000 1 2 2
1169   1.0 False 5000 1 2 10
1170   1.0 False 5000 1 3 0.05
1171   1.0 False 5000 1 3 0.1
1172   1.0 False 5000 1 3 0.2
1173   1.0 False 5000 1 3 0.5
1174   1.0 False 5000 1 3 1
1175   1.0 False 5000 1 3 2
1176   1.0 False 5000 1 3 10
1177   1.0 False 10000 1 1 0.05
1178   1.0 False 10000 1 1 0.1
1179   1.0 False 10000 1 1 0.2
1180   1.0 False 10000 1 1 0.5
1181   1.0 False 10000 1 1 1
1182   1.0 False 10000 1 1 2
1183   1.0 False 10000 1 1 10
1184   1.0 False 10000 1 2 0.05
1185   1.0 False 10000 1 2 0.1
1186   1.0 False 10000 1 2 0.2
1187   1.0 False 10000 1 2 0.5
1188   1.0 False 10000 1 2 1
1189   1.0 False 10000 1 2 2
1190   1.0 False 10000 1 2 10
1191   1.0 False 10000 1 3 0.05
1192   1.0 False 10000 1 3 0.1
1193   1.0 False 10000 1 3 0.2
1194   1.0 False 10000 1 3 0.5
1195   1.0 False 10000 1 3 1
1196   1.0 False 10000 1 3 2
1197   1.0 False 10000 1 3 10
1198   1.0 False 20000 1 1 0.05
1199   1.0 False 20000 1 1 0.1
1200   1.0 False 20000 1 1 0.2
1201   1.0 False 20000 1 1 0.5
1202   1.0 False 20000 1 1 1
1203   1.0 False 20000 1 1 2
1204   1.0 False 20000 1 1 10
1205   1.0 False 20000 1 2 0.05
1206   1.0 False 20000 1 2 0.1
1207   1.0 False 20000 1 2 0.2
1208   1.0 False 20000 1 2 0.5
1209   1.0 False 20000 1 2 1
1210   1.0 False 20000 1 2 2
1211   1.0 False 20000 1 2 10
1212   1.0 False 20000 1 3 0.05
1213   1.0 False 20000 1 3 0.1
1214   1.0 False 20000 1 3 0.2
1215   1.0 False 20000 1 3 0.5
1216   1.0 False 20000 1 3 1
1217   1.0 False 20000 1 3 2
1218   1.0 False 20000 1 3 10
1219   1.0 False 40000 1 1 0.05
1220   1.0 False 40000 1 1 0.1
1221   1.0 False 40000 1 1 0.2
1222   1.0 False 40000 1 1 0.5
1223   1.0 False 40000 1 1 1
1224   1.0 False 40000 1 1 2
1225   1.0 False 40000 1 1 10
1226   1.0 False 40000 1 2 0.05
1227   1.0 False 40000 1 2 0.1
1228   1.0 False 40000 1 2 0.2
1229   1.0 False 40000 1 2 0.5
1230   1.0 False 40000 1 2 1
1231   1.0 False 40000 1 2 2
1232   1.0 False 40000 1 2 10
1233   1.0 False 40000 1 3 0.05
1234   1.0 False 40000 1 3 0.1
1235   1.0 False 40000 1 3 0.2
1236   1.0 False 40000 1 3 0.5
1237   1.0 False 40000 1 3 1
1238   1.0 False 40000 1 3 2
1239   1.0 False 40000 1 3 10
1240   1.0 False None 1 1 0.05
1241   1.0 False None 1 1 0.1
1242   1.0 False None 1 1 0.2
1243   1.0 False None 1 1 0.5
1244   1.0 False None 1 1 1
1245   1.0 False None 1 1 2
1246   1.0 False None 1 1 10
1247   1.0 False None 1 2 0.05
1248   1.0 False None 1 2 0.1
1249   1.0 False None 1 2 0.2
1250   1.0 False None 1 2 0.5
1251   1.0 False None 1 2 1
1252   1.0 False None 1 2 2
1253   1.0 False None 1 2 10
1254   1.0 False None 1 3 0.05
1255   1.0 False None 1 3 0.1
1256   1.0 False None 1 3 0.2
1257   1.0 False None 1 3 0.5
1258   1.0 False None 1 3 1
1259   1.0 False None 1 3 2
1260   1.0 False None 1 3 10
